1 1 1 1 84 1 1 1 1 69 54 1 1 1 1 1 1 1 1 1 
0 1 1 3 0 2 1 0 0 0 0 1 0 0 1 1 0 3 3 0 
1 1 1 95 1 1 4 82 1 79 1 89 1 1 1 1 50 1 42 48 
3 1 0 0 1 3 2 3 0 0 0 1 0 3 0 1 0 0 3 0 
1 1 1 1 1 1 34 1 1 90 7 1 1 85 1 1 58 97 1 1 
2 0 0 0 0 3 1 1 1 0 0 2 2 0 2 0 0 0 0 0 
1 1 1 1 1 12 59 1 1 1 1 1 2 31 1 1 41 1 1 16 
1 2 2 3 3 0 0 3 2 2 3 1 0 2 1 2 2 0 3 1 
1 62 1 1 22 1 1 1 1 1 1 10 1 1 1 1 1 1 1 1 
3 0 0 1 0 2 0 0 0 0 0 0 2 1 1 1 1 0 0 2 
1 1 1 47 1 1 1 1 1 88 87 1 1 1 1 1 1 1 1 1 
0 0 0 1 1 0 0 0 3 1 2 3 0 1 1 2 0 2 0 0 
1 49 1 1 3 1 1 1 1 1 1 1 1 1 19 1 51 1 1 1 
0 3 0 0 3 0 0 0 2 0 1 2 2 0 0 2 3 2 0 1 
1 33 1 1 1 60 1 1 1 14 1 1 1 74 1 1 1 1 1 1 
3 0 0 2 3 0 0 0 3 3 3 0 3 0 2 2 0 2 1 0 
78 1 1 1 1 1 1 100 1 1 35 1 1 1 1 1 1 1 1 1 
3 0 3 0 0 1 0 1 3 3 1 0 2 3 1 0 1 0 0 3 
1 1 1 1 1 1 1 1 38 53 1 1 1 1 1 1 46 45 1 39 
0 2 0 3 0 2 0 1 3 0 0 2 0 0 0 3 0 0 0 3 
1 1 83 1 76 1 6 1 91 65 1 1 1 1 1 1 21 1 1 1 
0 0 0 0 0 0 0 0 0 3 0 0 0 0 0 0 2 0 3 0 
1 1 1 1 32 1 1 1 1 1 52 9 1 1 1 68 1 28 1 18 
0 0 3 0 3 0 0 0 2 2 0 2 3 0 0 3 3 3 0 0 
24 1 1 1 1 1 64 43 36 1 98 1 1 1 1 1 1 1 75 1 
3 1 0 0 0 0 1 3 3 0 3 0 3 2 3 3 3 0 3 0 
1 1 1 1 1 1 61 1 40 1 1 1 1 1 1 1 11 1 5 1 
0 3 0 1 3 3 3 2 0 0 1 0 0 0 2 0 3 0 0 1 
1 1 1 1 55 73 1 1 1 1 57 1 1 80 1 1 1 1 1 1 
2 1 0 0 1 2 1 0 0 0 3 0 0 0 2 2 1 0 3 0 
1 37 1 1 94 77 1 1 1 1 81 72 1 1 1 1 63 1 1 1 
0 0 0 0 0 3 0 0 0 2 0 3 1 0 2 2 0 2 1 3 
1 1 1 99 1 1 1 1 1 1 1 26 1 93 1 1 1 86 92 1 
3 1 3 3 2 0 3 1 0 0 1 0 3 1 3 2 0 1 3 3 
44 1 1 1 1 1 1 1 1 1 8 1 1 1 1 66 1 23 1 1 
0 3 0 0 0 1 2 0 0 0 1 0 2 0 0 0 0 1 0 0 
27 25 1 56 1 30 15 1 71 96 1 13 1 1 1 1 1 20 1 1 
0 0 0 0 3 1 3 0 1 2 0 3 0 3 0 3 2 3 0 1 
1 1 1 1 1 70 1 1 1 1 29 1 1 17 67 1 1 1 1 1 
0 2 0 2 3 1 0 0 2 0 0 2 3 0 0 0 3 1 1 2 
